0.500000 107074
1.000000 185593
1.500000 263517
2.000000 395535
2.500000 530412
3.000000 662993
3.500000 794735
4.000000 924314
4.500000 1048765
5.000000 1124523
5.500000 1256429
6.000000 1388201
6.500000 1519502
7.000000 1652214
7.500000 1781645
8.000000 1881469
8.500000 2003153
9.000000 2124695
9.500000 2252230
10.000000 2383067
10.500000 2511943
11.000000 2638531
11.500000 2769231
12.000000 2895235
12.500000 3025567
13.000000 3153376
13.500000 3285386
14.000000 3391209
14.500000 3472005
15.000000 3551646
15.500000 3585885
16.000000 3660145
16.500000 3768055
17.000000 3874443
17.500000 3992531
18.000000 4109735
18.500000 4210565
19.000000 4241019
19.500000 4241022
20.000000 4241025
20.500000 4241028
21.000000 4301066
21.500000 4414691
22.000000 4505807
22.500000 4589119
23.000000 4667251
