0.500000 125108
1.000000 248459
1.500000 357963
2.000000 459008
2.500000 551077
3.000000 666462
3.500000 783833
4.000000 901623
4.500000 1014975
5.000000 1134477
5.500000 1253174
6.000000 1371458
6.500000 1460272
7.000000 1540728
7.500000 1654008
8.000000 1773131
8.500000 1893933
9.000000 2011610
9.500000 2031553
10.000000 2060246
10.500000 2134630
11.000000 2146581
11.500000 2147918
12.000000 2221387
12.500000 2303679
13.000000 2388874
13.500000 2507742
14.000000 2602356
14.500000 2717183
15.000000 2834196
15.500000 2912937
16.000000 2923969
16.500000 2996079
17.000000 3071494
17.500000 3075203
18.000000 3075206
18.500000 3075209
19.000000 3075213
19.500000 3075217
20.000000 3075223
20.500000 3127776
21.000000 3210470
21.500000 3317091
22.000000 3355839
22.500000 3355843
23.000000 3355845
23.500000 3355851
24.000000 3355863
24.500000 3355870
25.000000 3355877
25.500000 3355887
26.000000 3355893
26.500000 3355903
27.000000 3355908
27.500000 3355912
28.000000 3355916
28.500000 3355919
29.000000 3355924
29.500000 3355928
30.000000 3355931
30.500000 3391093
31.000000 3391096
31.500000 3391099
32.000000 3391100
32.500000 3391103
33.000000 3391105
33.500000 3391108
34.000000 3391111
34.500000 3391114
35.000000 3391119
35.500000 3391123
36.000000 3396419
36.500000 3396421
37.000000 3396426
37.500000 3396429
38.000000 3396433
38.500000 3396436
39.000000 3396440
39.500000 3396445
40.000000 3396450
40.500000 3396451
41.000000 3396455
41.500000 3396458
42.000000 3396462
42.500000 3396466
43.000000 3396474
43.500000 3396482
44.000000 3396491
44.500000 3396501
45.000000 3396508
45.500000 3396513
46.000000 3396520
46.500000 3396525
47.000000 3396535
47.500000 3396544
48.000000 3396550
48.500000 3396557
49.000000 3396566
49.500000 3396576
50.000000 3396582
50.500000 3396589
51.000000 3396595
51.500000 3396602
52.000000 3396607
52.500000 3396612
53.000000 3396617
53.500000 3396622
54.000000 3396627
54.500000 3396632
55.000000 3396636
55.500000 3396644
56.000000 3396650
56.500000 3396656
57.000000 3396666
57.500000 3396676
58.000000 3396686
58.500000 3396696
59.000000 3396702
59.500000 3396707
60.000000 3396715
60.500000 3396725
61.000000 3396734
61.500000 3396744
62.000000 3396753
62.500000 3396762
63.000000 3396772
63.500000 3396778
64.000000 3396783
64.500000 3396791
65.000000 3396796
65.500000 3396801
66.000000 3396806
66.500000 3396810
67.000000 3396815
67.500000 3396820
68.000000 3396825
68.500000 3396829
69.000000 3396833
69.500000 3396837
70.000000 3396841
70.500000 3396845
71.000000 3396849
71.500000 3396853
72.000000 3396857
72.500000 3396861
73.000000 3396865
73.500000 3396869
74.000000 3396873
74.500000 3396878
75.000000 3396884
75.500000 3396890
76.000000 3396897
76.500000 3396904
77.000000 3396910
77.500000 3396918
78.000000 3396928
78.500000 3396938
79.000000 3396948
79.500000 3396958
80.000000 3396968
80.500000 3396977
81.000000 3396987
81.500000 3396996
82.000000 3397002
82.500000 3397006
83.000000 3397010
83.500000 3397015
84.000000 3397025
84.500000 3397035
85.000000 3397045
85.500000 3397055
86.000000 3397064
86.500000 3397074
87.000000 3397084
87.500000 3397091
88.000000 3397101
88.500000 3397107
89.000000 3397118
89.500000 3397128
90.000000 3397138
90.500000 3397148
91.000000 3397157
91.500000 3397167
92.000000 3397177
92.500000 3397184
93.000000 3397193
93.500000 3397203
94.000000 3397214
94.500000 3397224
95.000000 3397234
95.500000 3397244
96.000000 3397253
96.500000 3397263
97.000000 3397273
97.500000 3397283
98.000000 3397293
98.500000 3397299
99.000000 3397303
99.500000 3397308
100.000000 3397313
100.500000 3397318
101.000000 3397323
101.500000 3397328
102.000000 3397333
102.500000 3397338
103.000000 3397344
103.500000 3397349
104.000000 3397354
104.500000 3397359
105.000000 3397364
105.500000 3397369
106.000000 3397374
106.500000 3397379
107.000000 3397384
107.500000 3397389
108.000000 3397394
108.500000 3397399
109.000000 3397404
109.500000 3397409
110.000000 3397414
110.500000 3397419
111.000000 3397423
111.500000 3397428
112.000000 3397433
112.500000 3397438
113.000000 3397443
113.500000 3397448
114.000000 3397453
114.500000 3397458
115.000000 3397463
115.500000 3397466
116.000000 3397471
116.500000 3397476
117.000000 3397481
117.500000 3397486
118.000000 3397491
118.500000 3397496
119.000000 3397501
119.500000 3397506
120.000000 3397511
120.500000 3397516
121.000000 3397521
121.500000 3397526
122.000000 3397531
122.500000 3397536
123.000000 3397541
123.500000 3397546
124.000000 3397551
124.500000 3397556
125.000000 3397561
125.500000 3397566
126.000000 3397571
126.500000 3397576
127.000000 3397581
127.500000 3397586
128.000000 3397591
128.500000 3397596
129.000000 3397600
129.500000 3397605
130.000000 3397610
130.500000 3397615
131.000000 3397620
131.500000 3397625
132.000000 3397630
132.500000 3397635
133.000000 3397641
133.500000 3397647
134.000000 3397653
134.500000 3397659
135.000000 3397665
135.500000 3397671
136.000000 3397676
136.500000 3397681
137.000000 3397686
137.500000 3397691
138.000000 3397696
138.500000 3397701
139.000000 3397706
139.500000 3397711
140.000000 3397716
140.500000 3397721
141.000000 3397726
141.500000 3397731
142.000000 3397736
142.500000 3397741
143.000000 3397746
143.500000 3397751
144.000000 3397756
144.500000 3397761
145.000000 3397766
145.500000 3397771
146.000000 3397776
146.500000 3397781
147.000000 3397786
147.500000 3397791
148.000000 3397796
148.500000 3397801
149.000000 3397806
149.500000 3397811
150.000000 3397816
150.500000 3397821
151.000000 3397826
151.500000 3397831
152.000000 3397836
152.500000 3397841
153.000000 3397846
153.500000 3397850
154.000000 3397855
154.500000 3397860
155.000000 3397865
155.500000 3397870
156.000000 3397875
156.500000 3397880
157.000000 3397885
157.500000 3397890
158.000000 3397895
158.500000 3397900
159.000000 3397905
159.500000 3397910
160.000000 3397915
160.500000 3397920
161.000000 3397925
161.500000 3397930
162.000000 3397935
162.500000 3397940
163.000000 3397945
163.500000 3397950
164.000000 3397955
164.500000 3397960
165.000000 3397965
165.500000 3397970
166.000000 3397975
166.500000 3397980
167.000000 3397985
167.500000 3397990
168.000000 3397995
168.500000 3398000
169.000000 3398005
169.500000 3398010
170.000000 3398015
170.500000 3398020
171.000000 3398025
171.500000 3398030
172.000000 3398035
172.500000 3398040
173.000000 3398045
173.500000 3398050
174.000000 3398055
174.500000 3398060
175.000000 3398065
175.500000 3398070
176.000000 3398075
176.500000 3398080
177.000000 3398084
177.500000 3398089
178.000000 3398094
178.500000 3398099
179.000000 3398104
179.500000 3398109
180.000000 3398114
180.500000 3398119
181.000000 3398124
181.500000 3398129
182.000000 3398133
182.500000 3398138
183.000000 3398143
183.500000 3398148
184.000000 3398153
184.500000 3398158
185.000000 3398163
185.500000 3398168
186.000000 3398173
186.500000 3398179
187.000000 3398184
187.500000 3398189
188.000000 3398194
188.500000 3398199
189.000000 3398204
189.500000 3398209
190.000000 3398214
190.500000 3398219
191.000000 3398224
191.500000 3398229
192.000000 3398234
192.500000 3398238
193.000000 3398243
193.500000 3398248
194.000000 3398252
194.500000 3398257
195.000000 3398262
195.500000 3398267
196.000000 3398272
196.500000 3398277
197.000000 3398282
197.500000 3398287
198.000000 3398292
198.500000 3398297
199.000000 3398302
199.500000 3398307
200.000000 3398312
200.500000 3398317
201.000000 3398322
201.500000 3398327
202.000000 3398332
202.500000 3398337
203.000000 3398342
203.500000 3398348
204.000000 3398353
204.500000 3398358
205.000000 3398363
205.500000 3398368
206.000000 3398373
206.500000 3398378
207.000000 3398382
207.500000 3398387
208.000000 3398392
208.500000 3398397
209.000000 3398402
209.500000 3398407
210.000000 3398412
210.500000 3398417
211.000000 3398423
211.500000 3398428
212.000000 3398433
212.500000 3398438
213.000000 3398443
213.500000 3398448
214.000000 3398453
214.500000 3398458
215.000000 3398463
215.500000 3398468
216.000000 3398473
216.500000 3398478
217.000000 3398483
217.500000 3398488
218.000000 3398493
218.500000 3398498
219.000000 3398503
219.500000 3398508
220.000000 3398513
220.500000 3398518
221.000000 3398523
221.500000 3398528
222.000000 3398533
222.500000 3398538
223.000000 3398544
223.500000 3398549
224.000000 3398553
224.500000 3398557
225.000000 3398563
225.500000 3398568
226.000000 3398574
226.500000 3398581
227.000000 3398587
227.500000 3398593
228.000000 3398599
228.500000 3398605
229.000000 3398611
229.500000 3398616
230.000000 3398621
230.500000 3398626
231.000000 3398631
231.500000 3398636
232.000000 3398642
232.500000 3398647
233.000000 3398652
233.500000 3398657
234.000000 3398662
234.500000 3398667
235.000000 3398673
235.500000 3398677
236.000000 3398682
236.500000 3398687
237.000000 3398692
237.500000 3398698
238.000000 3398703
238.500000 3398708
239.000000 3398714
239.500000 3398719
240.000000 3398725
240.500000 3398730
241.000000 3398735
241.500000 3398740
242.000000 3398745
242.500000 3398750
243.000000 3398755
243.500000 3398760
244.000000 3398766
244.500000 3398771
245.000000 3398777
245.500000 3398783
246.000000 3398788
246.500000 3398793
247.000000 3398799
247.500000 3398805
248.000000 3398810
248.500000 3398815
249.000000 3398820
249.500000 3398825
250.000000 3398830
250.500000 3398835
251.000000 3398840
251.500000 3398845
252.000000 3398850
252.500000 3398855
253.000000 3398860
253.500000 3398865
254.000000 3398870
254.500000 3398875
255.000000 3398880
255.500000 3398885
256.000000 3398889
256.500000 3398893
257.000000 3398897
257.500000 3398901
258.000000 3398905
258.500000 3398909
259.000000 3398913
259.500000 3398917
260.000000 3398921
260.500000 3398925
261.000000 3398929
261.500000 3398933
262.000000 3398937
262.500000 3398941
263.000000 3398945
263.500000 3398949
264.000000 3398953
264.500000 3398957
265.000000 3398961
265.500000 3398965
266.000000 3398969
266.500000 3398973
267.000000 3398977
267.500000 3398981
268.000000 3398985
268.500000 3398989
269.000000 3398993
269.500000 3398997
270.000000 3399001
270.500000 3399005
271.000000 3399010
271.500000 3399015
272.000000 3399020
272.500000 3399025
273.000000 3399032
273.500000 3399042
274.000000 3399052
274.500000 3399062
275.000000 3399072
275.500000 3399082
276.000000 3399091
276.500000 3399100
277.000000 3399109
277.500000 3399118
278.000000 3399127
278.500000 3399136
279.000000 3399145
279.500000 3399154
280.000000 3399163
280.500000 3399172
281.000000 3399181
281.500000 3399190
282.000000 3399201
282.500000 3399210
283.000000 3399219
283.500000 3399228
284.000000 3399237
284.500000 3399247
285.000000 3399256
285.500000 3399266
286.000000 3399275
286.500000 3399285
287.000000 3399294
287.500000 3399303
288.000000 3399313
288.500000 3399323
289.000000 3399332
289.500000 3399341
290.000000 3399349
290.500000 3399359
291.000000 3399368
291.500000 3399378
292.000000 3399387
292.500000 3399396
293.000000 3399406
293.500000 3399415
294.000000 3399422
294.500000 3399430
295.000000 3399439
295.500000 3399446
296.000000 3399454
296.500000 3399461
297.000000 3399469
297.500000 3399479
298.000000 3399489
298.500000 3399499
299.000000 3399506
299.500000 3399513
300.000000 3399520
300.500000 3399528
301.000000 3399538
301.500000 3399548
302.000000 3399557
302.500000 3399563
303.000000 3399571
303.500000 3399578
304.000000 3399585
304.500000 3399593
305.000000 3399600
305.500000 3399608
306.000000 3399615
306.500000 3399619
307.000000 3399626
307.500000 3399634
308.000000 3399641
308.500000 3399648
309.000000 3399655
309.500000 3399664
310.000000 3399671
310.500000 3399680
311.000000 3399689
311.500000 3399698
312.000000 3399708
312.500000 3399718
313.000000 3399730
313.500000 3399739
314.000000 3399746
314.500000 3399755
315.000000 3399765
315.500000 3399774
316.000000 3399786
316.500000 3399795
317.000000 3399805
317.500000 3399813
318.000000 3399820
318.500000 3399828
319.000000 3399835
319.500000 3399843
320.000000 3399852
320.500000 3399862
321.000000 3399871
321.500000 3399880
322.000000 3399890
322.500000 3399901
323.000000 3399911
323.500000 3399920
324.000000 3399929
324.500000 3399934
325.000000 3399939
325.500000 3399944
326.000000 3399950
326.500000 3399955
327.000000 3399960
327.500000 3399965
328.000000 3399969
328.500000 3399974
329.000000 3399979
329.500000 3399984
330.000000 3399989
330.500000 3399994
331.000000 3399999
331.500000 3400004
332.000000 3400009
332.500000 3400014
333.000000 3400019
333.500000 3400024
334.000000 3400029
334.500000 3400033
335.000000 3400038
335.500000 3400043
336.000000 3400048
336.500000 3400053
337.000000 3400058
337.500000 3400063
338.000000 3400068
338.500000 3400073
339.000000 3400078
339.500000 3400083
340.000000 3400088
340.500000 3400093
341.000000 3400098
341.500000 3400103
342.000000 3400108
342.500000 3400113
343.000000 3400118
343.500000 3400123
344.000000 3400128
344.500000 3400133
345.000000 3400138
345.500000 3400143
346.000000 3400148
346.500000 3400153
347.000000 3400158
347.500000 3400163
348.000000 3400168
348.500000 3400173
349.000000 3400178
349.500000 3400183
350.000000 3400188
350.500000 3400193
351.000000 3400198
351.500000 3400204
352.000000 3400209
352.500000 3400214
353.000000 3400219
353.500000 3400223
354.000000 3400227
354.500000 3400232
355.000000 3400237
355.500000 3400242
356.000000 3400247
356.500000 3400252
357.000000 3400257
357.500000 3400262
358.000000 3400267
358.500000 3400272
359.000000 3400277
359.500000 3400282
360.000000 3400287
360.500000 3400292
361.000000 3400297
361.500000 3400302
362.000000 3400307
362.500000 3400312
363.000000 3400317
363.500000 3400322
364.000000 3400327
364.500000 3400332
365.000000 3400337
365.500000 3400342
366.000000 3400347
366.500000 3400352
367.000000 3400357
367.500000 3400362
368.000000 3400367
368.500000 3400372
369.000000 3400377
369.500000 3400382
370.000000 3400387
370.500000 3400392
371.000000 3400397
371.500000 3400402
372.000000 3400407
372.500000 3400412
373.000000 3400417
373.500000 3400422
374.000000 3400427
374.500000 3400432
375.000000 3400437
375.500000 3400442
376.000000 3400446
376.500000 3400451
377.000000 3400456
377.500000 3400461
378.000000 3400466
378.500000 3400471
379.000000 3400476
379.500000 3400481
380.000000 3400486
380.500000 3400491
381.000000 3400496
381.500000 3400501
382.000000 3400506
382.500000 3400511
383.000000 3400516
383.500000 3400521
384.000000 3400525
384.500000 3400530
385.000000 3400535
385.500000 3400540
386.000000 3400545
386.500000 3400550
387.000000 3400554
387.500000 3400559
388.000000 3400564
388.500000 3400569
389.000000 3400574
389.500000 3400579
390.000000 3400584
390.500000 3400589
391.000000 3400594
391.500000 3400599
392.000000 3400604
392.500000 3400609
393.000000 3400614
393.500000 3400619
394.000000 3400624
394.500000 3400629
395.000000 3400634
395.500000 3400639
396.000000 3400644
396.500000 3400649
397.000000 3400653
397.500000 3400658
398.000000 3400663
398.500000 3400668
399.000000 3400673
399.500000 3400678
400.000000 3400683
400.500000 3400688
401.000000 3400693
401.500000 3400698
402.000000 3400703
402.500000 3400708
403.000000 3400713
403.500000 3400718
404.000000 3400723
404.500000 3400728
405.000000 3400733
405.500000 3400738
406.000000 3400743
406.500000 3400748
407.000000 3400753
407.500000 3400758
408.000000 3400763
408.500000 3400768
409.000000 3400773
409.500000 3400777
410.000000 3400782
410.500000 3400787
411.000000 3400792
411.500000 3400797
412.000000 3400801
412.500000 3400806
413.000000 3400811
413.500000 3400816
414.000000 3400821
414.500000 3400826
415.000000 3400831
415.500000 3400836
416.000000 3400841
416.500000 3400846
417.000000 3400851
417.500000 3400856
418.000000 3400860
418.500000 3400864
419.000000 3400869
419.500000 3400874
420.000000 3400879
420.500000 3400884
421.000000 3400889
421.500000 3400894
422.000000 3400899
422.500000 3400904
423.000000 3400909
