0.500000 134865
1.000000 260293
1.500000 343110
2.000000 387405
2.500000 410985
3.000000 411233
3.500000 543584
4.000000 674603
4.500000 794029
5.000000 826511
5.500000 826516
6.000000 879995
6.500000 901818
7.000000 901819
7.500000 901823
8.000000 901827
8.500000 901830
9.000000 901836
9.500000 901842
10.000000 901848
10.500000 901853
11.000000 901858
11.500000 901863
12.000000 901869
12.500000 901876
13.000000 901883
13.500000 901890
14.000000 901898
14.500000 901905
15.000000 901913
15.500000 901918
16.000000 901922
16.500000 901925
17.000000 901928
17.500000 901931
18.000000 901934
18.500000 901937
19.000000 901941
19.500000 901945
20.000000 901949
20.500000 963991
21.000000 1041338
21.500000 1124315
22.000000 1131019
